1	2017-02-23 12:43:00	0.0	0.0	33360.0	9300.0	0.0	0.0	0.0	end
1	2017-02-23 12:51:00	0.0	0.0	21720.0	9060.0	0.0	0.0	0.0	end
1	2017-02-23 13:46:00	0.0	0.0	41760.0	11400.0	0.0	0.0	0.0	end
1	2017-02-23 13:05:00	0.0	0.0	26460.0	10860.0	0.0	0.0	0.0	end
0	2017-02-23 12:11:00	0.0	0.0	16020.0	21540.0	0.0	0.0	0.0	end
0	2017-02-22 18:39:00	0.0	0.0	20580.0	0.0	0.0	0.0	0.0	end
1	2017-02-23 14:01:00	0.0	0.0	28740.0	8220.0	0.0	0.0	0.0	end
0	2017-02-23 09:02:00	0.0	0.0	33720.0	10620.0	0.0	0.0	0.0	end
0	2017-02-23 07:45:00	0.0	0.0	13620.0	18060.0	0.0	0.0	0.0	end
0	2017-02-22 19:50:00	0.0	0.0	14340.0	0.0	0.0	0.0	0.0	end
0	2017-02-20 08:18:00	0.0	0.0	0.0	0.0	0.0	0.0	0.0	end
0	2017-02-22 19:21:00	0.0	0.0	28260.0	0.0	0.0	0.0	0.0	end
1	2017-02-23 13:56:00	0.0	0.0	18960.0	6480.0	0.0	0.0	0.0	end
0	2017-02-23 10:21:00	0.0	0.0	7260.0	6120.0	0.0	0.0	0.0	end
1	2017-02-23 13:04:00	0.0	0.0	31080.0	0.0	0.0	0.0	0.0	end
