0	2017-02-20 18:09:00	0.0	0.0	0.0	0.0	0.0	0.0	0.0	end
1	2017-02-22 18:11:00	0.0	0.0	0.0	0.0	0.0	0.0	0.0	end
0	2017-02-20 18:09:00	0.0	0.0	0.0	0.0	0.0	0.0	0.0	end
0	2017-02-20 18:09:00	0.0	0.0	0.0	0.0	0.0	0.0	0.0	end
0	2017-02-22 18:10:00	0.0	0.0	60.0	0.0	0.0	0.0	0.0	end
0	2017-02-20 18:09:00	0.0	0.0	0.0	0.0	0.0	0.0	0.0	end
0	2017-02-20 18:09:00	0.0	0.0	0.0	0.0	0.0	0.0	0.0	end
0	2017-02-20 18:09:00	0.0	0.0	0.0	0.0	0.0	0.0	0.0	end
0	2017-02-20 18:09:00	0.0	0.0	0.0	0.0	0.0	0.0	0.0	end
0	2017-02-20 18:09:00	0.0	0.0	0.0	0.0	0.0	0.0	0.0	end
0	2017-02-20 18:09:00	0.0	0.0	0.0	0.0	0.0	0.0	0.0	end
0	2017-02-20 18:09:00	0.0	0.0	0.0	0.0	0.0	0.0	0.0	end
0	2017-02-20 18:09:00	0.0	0.0	0.0	0.0	0.0	0.0	0.0	end
0	2017-02-20 18:09:00	0.0	0.0	0.0	0.0	0.0	0.0	0.0	end
0	2017-02-20 18:09:00	0.0	0.0	0.0	0.0	0.0	0.0	0.0	end
