0	2017-03-03 13:50:00	21900.0	16200.0	62820.0	38220.0	25980.0	0.0	0.0	end
0	2017-03-05 18:45:00	23280.0	26520.0	47100.0	12960.0	11700.0	24900.0	38700.0	end
0	2017-03-05 17:18:00	22140.0	37440.0	24480.0	35640.0	40980.0	43620.0	7740.0	end
0	2017-03-05 14:48:00	31080.0	33720.0	32820.0	29340.0	30180.0	0.0	0.0	end
0	2017-03-04 08:00:00	10800.0	0.0	41100.0	33780.0	32700.0	29640.0	0.0	end
0	2017-03-03 15:05:00	29220.0	23580.0	14400.0	19620.0	3000.0	0.0	0.0	end
0	2017-03-03 21:00:00	30660.0	34980.0	34320.0	24540.0	25440.0	0.0	0.0	end
0	2017-03-04 10:00:00	27240.0	23340.0	29520.0	27840.0	34620.0	4740.0	0.0	end
0	2017-03-03 21:35:00	8820.0	19920.0	33600.0	24480.0	30420.0	15540.0	0.0	end
0	2017-03-05 10:27:00	15660.0	11700.0	36600.0	9600.0	6420.0	0.0	1980.0	end
0	2017-02-24 09:05:00	0.0	0.0	0.0	0.0	0.0	0.0	0.0	end
0	2017-03-03 15:55:00	20340.0	35460.0	19800.0	10260.0	16260.0	0.0	0.0	end
0	2017-03-04 20:24:00	25200.0	25260.0	28200.0	21060.0	26880.0	9540.0	0.0	end
0	2017-03-05 13:30:00	180.0	0.0	18360.0	23460.0	23160.0	21300.0	14280.0	end
1	2017-03-05 11:25:00	26580.0	15600.0	24780.0	24240.0	32520.0	26880.0	0.0	end
