0	2017-02-24 18:47:00	0.0	0.0	33360.0	38460.0	45540.0	0.0	0.0	end
0	2017-02-25 12:25:00	0.0	0.0	21720.0	25620.0	13500.0	27480.0	0.0	end
0	2017-02-26 13:16:00	0.0	0.0	41760.0	38100.0	40140.0	36780.0	23100.0	end
0	2017-02-24 18:26:00	0.0	0.0	26460.0	33660.0	31800.0	0.0	0.0	end
1	2017-02-27 00:20:00	0.0	0.0	16020.0	21540.0	27000.0	5760.0	0.0	end
0	2017-02-25 09:09:00	0.0	0.0	20580.0	0.0	0.0	6180.0	0.0	end
0	2017-02-24 19:05:00	0.0	0.0	28740.0	24840.0	19680.0	0.0	0.0	end
0	2017-02-26 10:27:00	0.0	0.0	33720.0	25380.0	23280.0	3060.0	2580.0	end
0	2017-02-24 08:58:00	0.0	0.0	13620.0	18060.0	27060.0	0.0	0.0	end
1	2017-02-26 12:45:00	0.0	0.0	14340.0	0.0	23160.0	0.0	5400.0	end
0	2017-02-20 08:18:00	0.0	0.0	0.0	0.0	0.0	0.0	0.0	end
0	2017-02-22 19:21:00	0.0	0.0	28260.0	0.0	0.0	0.0	0.0	end
1	2017-02-26 14:17:00	0.0	0.0	18960.0	18120.0	13920.0	0.0	1980.0	end
0	2017-02-26 13:41:00	0.0	0.0	7260.0	19800.0	31500.0	0.0	14820.0	end
0	2017-02-26 09:23:00	0.0	0.0	31080.0	23820.0	21840.0	0.0	5820.0	end
