0	2017-04-21 21:14:00	21000.0	36480.0	22680.0	36480.0	24720.0	0.0	0.0	end
0	2017-04-20 09:30:00	32760.0	33060.0	41400.0	12960.0	0.0	0.0	0.0	end
0	2017-04-21 19:32:00	22140.0	32940.0	38940.0	37200.0	32460.0	0.0	0.0	end
0	2017-04-21 18:46:00	35580.0	33900.0	31560.0	36600.0	31740.0	0.0	0.0	end
0	2017-04-21 07:00:00	11940.0	25740.0	40020.0	33600.0	40260.0	0.0	0.0	end
0	2017-04-21 18:17:00	35100.0	36420.0	26220.0	25620.0	23160.0	0.0	0.0	end
0	2017-04-22 00:00:00	36120.0	28440.0	31620.0	29460.0	30480.0	840.0	0.0	end
0	2017-04-21 20:23:00	10800.0	39420.0	35160.0	31140.0	19080.0	13800.0	0.0	end
0	2017-04-21 00:15:00	38100.0	44280.0	26760.0	27060.0	8160.0	0.0	0.0	end
0	2017-04-15 09:35:00	0.0	0.0	0.0	0.0	0.0	0.0	0.0	end
0	2017-04-15 09:35:00	0.0	0.0	0.0	0.0	0.0	0.0	0.0	end
0	2017-04-20 09:46:00	6960.0	0.0	27720.0	8520.0	0.0	0.0	0.0	end
0	2017-04-21 14:30:00	9900.0	22440.0	32040.0	28080.0	19140.0	0.0	0.0	end
0	2017-04-21 20:10:00	9000.0	22080.0	27480.0	19920.0	15120.0	15480.0	0.0	end
0	2017-04-20 22:20:00	9600.0	0.0	28740.0	26340.0	0.0	0.0	0.0	end
