0	2017-04-01 21:13:00	37800.0	40620.0	23940.0	37080.0	35520.0	24780.0	0.0	end
0	2017-04-01 16:35:00	42600.0	30540.0	33900.0	33540.0	28200.0	32940.0	0.0	end
0	2017-04-02 18:49:00	25020.0	36000.0	38040.0	41940.0	32940.0	23580.0	26880.0	end
0	2017-04-02 17:44:00	36240.0	37920.0	39480.0	16800.0	31800.0	17940.0	23640.0	end
0	2017-03-31 08:51:00	0.0	0.0	0.0	0.0	29820.0	0.0	0.0	end
0	2017-04-02 17:56:00	37620.0	48660.0	23400.0	31980.0	19920.0	43560.0	22140.0	end
0	2017-04-01 19:11:00	29700.0	39120.0	35580.0	34860.0	17940.0	23340.0	0.0	end
0	2017-04-01 16:03:00	23940.0	42060.0	38400.0	31980.0	22560.0	21420.0	0.0	end
0	2017-04-01 08:40:00	37920.0	29520.0	34920.0	8760.0	39180.0	10140.0	0.0	end
0	2017-04-01 14:04:00	27300.0	23580.0	24720.0	13080.0	4380.0	8760.0	0.0	end
0	2017-03-23 08:20:00	0.0	0.0	0.0	0.0	0.0	0.0	0.0	end
0	2017-04-01 17:56:00	33600.0	34920.0	25500.0	30360.0	18840.0	15420.0	0.0	end
0	2017-04-01 21:19:00	23700.0	50100.0	22920.0	30720.0	20580.0	18660.0	0.0	end
0	2017-04-01 20:05:00	20520.0	14340.0	0.0	18360.0	24540.0	14820.0	0.0	end
0	2017-04-01 19:19:00	15180.0	29760.0	26400.0	37320.0	26160.0	25860.0	0.0	end
