0	2017-03-10 13:29:00	25440.0	34800.0	44340.0	28080.0	36840.0	0.0	0.0	end
0	2017-03-10 17:43:00	24840.0	16920.0	33360.0	19440.0	14760.0	0.0	0.0	end
0	2017-03-12 19:36:00	19260.0	28200.0	34980.0	45120.0	39900.0	26400.0	30840.0	end
0	2017-03-12 22:17:00	35400.0	35460.0	39480.0	36900.0	26340.0	22380.0	24480.0	end
0	2017-03-12 10:40:00	0.0	46980.0	38160.0	41100.0	41520.0	33900.0	7320.0	end
0	2017-03-12 20:45:00	33060.0	20580.0	26280.0	23100.0	17460.0	20640.0	18960.0	end
0	2017-03-12 19:38:00	31380.0	35760.0	25860.0	28500.0	15120.0	8700.0	44640.0	end
1	2017-03-12 19:37:00	29700.0	35040.0	36360.0	33240.0	33600.0	8760.0	24060.0	end
0	2017-03-10 13:10:00	24900.0	15000.0	13800.0	30000.0	27180.0	0.0	0.0	end
1	2017-03-12 20:43:00	12300.0	20880.0	21240.0	26880.0	23280.0	3900.0	7800.0	end
0	2017-03-03 14:47:00	0.0	0.0	0.0	0.0	0.0	0.0	0.0	end
0	2017-03-10 14:38:00	31800.0	33660.0	35340.0	27060.0	17160.0	0.0	0.0	end
0	2017-03-11 09:44:00	35100.0	23160.0	30840.0	28260.0	26940.0	2760.0	0.0	end
0	2017-03-11 20:30:00	10080.0	16020.0	23460.0	31500.0	29280.0	9060.0	0.0	end
0	2017-03-10 19:06:00	40260.0	31320.0	36420.0	27000.0	66660.0	0.0	0.0	end
