0	2017-04-14 21:28:00	47040.0	44040.0	14280.0	35580.0	39180.0	0.0	0.0	end
0	2017-04-16 16:05:00	24840.0	32640.0	29040.0	35040.0	23880.0	26400.0	11880.0	end
0	2017-04-16 09:11:00	25140.0	28740.0	32280.0	36720.0	36240.0	34380.0	10140.0	end
0	2017-04-16 18:21:00	34800.0	29940.0	43860.0	30360.0	21480.0	20100.0	14520.0	end
0	2017-04-12 23:15:00	0.0	33540.0	40260.0	59520.0	0.0	0.0	0.0	end
0	2017-04-14 18:47:00	41280.0	44880.0	34380.0	30540.0	19620.0	0.0	0.0	end
0	2017-04-16 20:20:00	29700.0	37440.0	27120.0	31680.0	22260.0	24300.0	16680.0	end
0	2017-04-16 00:05:00	24180.0	40920.0	28740.0	39120.0	17640.0	35940.0	1860.0	end
0	2017-04-14 05:30:00	23520.0	23520.0	39960.0	21540.0	35160.0	0.0	0.0	end
0	2017-04-10 00:03:00	3120.0	0.0	0.0	0.0	0.0	0.0	0.0	end
0	2017-04-07 22:31:00	0.0	0.0	0.0	0.0	0.0	0.0	0.0	end
0	2017-04-15 22:40:00	18900.0	35640.0	42180.0	39180.0	16500.0	34020.0	0.0	end
0	2017-04-16 19:22:00	35520.0	32460.0	26820.0	30660.0	35820.0	5160.0	8220.0	end
0	2017-04-12 18:30:00	0.0	12840.0	27180.0	0.0	0.0	0.0	0.0	end
0	2017-04-16 19:07:00	21240.0	0.0	91380.0	14940.0	23220.0	0.0	8880.0	end
