0	2017-04-07 18:30:00	0.0	0.0	39780.0	45360.0	25260.0	0.0	0.0	end
0	2017-04-07 11:29:00	0.0	0.0	41760.0	42120.0	12120.0	0.0	0.0	end
1	2017-04-09 19:01:00	0.0	0.0	41820.0	39060.0	34620.0	34200.0	17220.0	end
0	2017-04-09 13:32:00	0.0	0.0	33900.0	23400.0	26100.0	26040.0	13260.0	end
0	2017-04-08 01:00:00	0.0	47460.0	41760.0	54000.0	54840.0	20760.0	0.0	end
0	2017-04-07 18:50:00	0.0	0.0	22020.0	38460.0	17040.0	0.0	0.0	end
0	2017-04-09 19:30:00	0.0	0.0	38400.0	29220.0	19500.0	19680.0	19860.0	end
0	2017-04-08 15:30:00	0.0	0.0	30420.0	34320.0	0.0	12840.0	37740.0	end
0	2017-04-09 14:49:00	0.0	0.0	31440.0	8520.0	12840.0	46200.0	21540.0	end
1	2017-04-10 00:03:00	0.0	0.0	24240.0	13140.0	0.0	7800.0	22320.0	end
0	2017-03-30 08:59:00	0.0	0.0	0.0	0.0	0.0	0.0	0.0	end
0	2017-04-09 19:02:00	0.0	0.0	18480.0	39960.0	5340.0	16980.0	27720.0	end
0	2017-04-08 09:32:00	0.0	0.0	39060.0	30780.0	32580.0	5820.0	0.0	end
0	2017-04-08 15:30:00	0.0	0.0	20940.0	24720.0	22920.0	9720.0	0.0	end
0	2017-04-07 18:35:00	11940.0	0.0	38400.0	29100.0	37560.0	0.0	0.0	end
