0	2017-02-21 14:00:00	0.0	0.0	0.0	0.0	0.0	0.0	0.0	end
0	2017-02-21 14:00:00	0.0	0.0	0.0	0.0	0.0	0.0	0.0	end
0	2017-02-21 14:00:00	0.0	0.0	0.0	0.0	0.0	0.0	0.0	end
0	2017-02-21 14:00:00	0.0	0.0	0.0	0.0	0.0	0.0	0.0	end
0	2017-02-21 14:00:00	0.0	0.0	0.0	0.0	0.0	0.0	0.0	end
0	2017-02-21 14:00:00	0.0	0.0	0.0	0.0	0.0	0.0	0.0	end
1	2017-02-23 14:01:00	0.0	0.0	0.0	0.0	0.0	0.0	0.0	end
0	2017-02-21 14:00:00	0.0	0.0	0.0	0.0	0.0	0.0	0.0	end
0	2017-02-21 14:00:00	0.0	0.0	0.0	0.0	0.0	0.0	0.0	end
0	2017-02-21 14:00:00	0.0	0.0	0.0	0.0	0.0	0.0	0.0	end
0	2017-02-21 14:00:00	0.0	0.0	0.0	0.0	0.0	0.0	0.0	end
0	2017-02-21 14:00:00	0.0	0.0	0.0	0.0	0.0	0.0	0.0	end
0	2017-02-21 14:00:00	0.0	0.0	0.0	0.0	0.0	0.0	0.0	end
0	2017-02-21 14:00:00	0.0	0.0	0.0	0.0	0.0	0.0	0.0	end
0	2017-02-21 14:00:00	0.0	0.0	0.0	0.0	0.0	0.0	0.0	end
