0	2017-03-24 19:22:00	56400.0	46620.0	32100.0	27960.0	37800.0	0.0	0.0	end
0	2017-03-25 18:37:00	40380.0	33180.0	46800.0	42000.0	38520.0	10200.0	0.0	end
0	2017-03-26 18:39:00	23640.0	35580.0	38640.0	37800.0	37800.0	33960.0	34560.0	end
0	2017-03-26 19:25:00	40140.0	36000.0	39240.0	25260.0	35280.0	20400.0	22200.0	end
0	2017-03-25 10:22:00	0.0	47220.0	38880.0	55980.0	58860.0	17400.0	0.0	end
0	2017-03-26 19:04:00	29520.0	34860.0	22080.0	12240.0	19020.0	19260.0	31980.0	end
0	2017-03-26 21:39:00	40740.0	40080.0	24900.0	19620.0	29700.0	27240.0	21780.0	end
1	2017-03-27 00:01:00	22080.0	39120.0	33180.0	35520.0	23700.0	28500.0	40200.0	end
0	2017-03-26 18:40:00	16800.0	26760.0	14220.0	41880.0	27360.0	9600.0	5220.0	end
0	2017-03-26 22:18:00	24420.0	39540.0	7560.0	22140.0	33600.0	0.0	20820.0	end
0	2017-03-16 11:19:00	0.0	0.0	0.0	0.0	0.0	0.0	0.0	end
0	2017-03-24 15:00:00	34860.0	37740.0	40020.0	14880.0	9600.0	0.0	0.0	end
0	2017-03-25 21:30:00	34620.0	33240.0	31260.0	27240.0	28260.0	16980.0	0.0	end
0	2017-03-24 18:38:00	11640.0	12720.0	22680.0	35760.0	32940.0	0.0	0.0	end
0	2017-03-25 18:14:00	13320.0	54000.0	32520.0	22020.0	25260.0	7860.0	0.0	end
