0	2017-03-17 13:41:00	72000.0	37020.0	60180.0	24300.0	23700.0	0.0	0.0	end
0	2017-03-19 17:33:00	37680.0	31320.0	48300.0	45300.0	19080.0	29100.0	29220.0	end
0	2017-03-19 19:08:00	24120.0	34320.0	36600.0	42720.0	26520.0	12540.0	37200.0	end
0	2017-03-19 18:17:00	37260.0	36420.0	34980.0	43860.0	32700.0	14400.0	35220.0	end
0	2017-03-18 08:23:00	0.0	41040.0	25380.0	37320.0	39000.0	35700.0	0.0	end
0	2017-03-19 15:25:00	35640.0	40320.0	22740.0	22380.0	18120.0	15960.0	23340.0	end
0	2017-03-18 16:20:00	30660.0	36180.0	33180.0	34440.0	11100.0	2640.0	0.0	end
0	2017-03-17 19:30:00	20040.0	41340.0	23160.0	37680.0	31620.0	0.0	0.0	end
0	2017-03-18 07:35:00	16800.0	28860.0	34020.0	21240.0	30780.0	14580.0	0.0	end
0	2017-03-16 20:07:00	18780.0	33840.0	13860.0	24180.0	0.0	0.0	0.0	end
0	2017-03-16 09:07:00	0.0	0.0	0.0	0.0	0.0	0.0	0.0	end
0	2017-03-16 19:00:00	38040.0	36120.0	36900.0	22800.0	0.0	0.0	0.0	end
0	2017-03-17 18:38:00	36060.0	33120.0	26700.0	15960.0	20340.0	0.0	0.0	end
0	2017-03-18 14:03:00	10860.0	0.0	27180.0	34500.0	25200.0	13380.0	0.0	end
0	2017-03-19 18:15:00	15240.0	43080.0	23160.0	37080.0	22260.0	4320.0	18900.0	end
